2.690830130731085867e-05
-8.999999999999992895e+00
1.612430450619221911e-02
1.000007014341676603e+00
-8.999999999999976907e+00
6.822922042320631042e-02
1.999987442136706317e+00
-8.999999999999982236e+00
7.725279200303583615e-02
2.999967634767987334e+00
-8.999999999999994671e+00
5.264304459480026455e-02
3.999947650050855952e+00
-8.999999999999994671e+00
1.591585571555445032e-06
3.649217527457022350e-05
-4.500000000000000000e+00
1.612980420218750044e-02
1.000017195957647154e+00
-4.499999999999999112e+00
6.822968300023340982e-02
1.999998224860918272e+00
-4.500000000000001776e+00
7.725268595194113852e-02
2.999979018830728705e+00
-4.500000000000004441e+00
5.264252488956299575e-02
3.999953642815126997e+00
-4.500000000000006217e+00
1.990403709510087731e-06
4.604386089988202164e-05
-3.080186935842700488e-15
1.750202352039089901e-02
1.000027369508034836e+00
-3.102738997886549918e-15
6.860946239240384159e-02
2.000009006021612024e+00
-4.316280942024429116e-15
7.743365603940678688e-02
2.999990403559208652e+00
-4.658639314954668532e-15
5.293616728735114213e-02
3.999971621113352249e+00
-7.542308893011160453e-15
3.808023387612839805e-06
3.799266145210228752e-03
4.499999999999991118e+00
1.659400655457367313e-02
1.000037575327259010e+00
4.499999999999988454e+00
6.903372654391402852e-02
2.000019794296430398e+00
4.499999999999987566e+00
7.783146747804854659e-02
3.000001778681666842e+00
4.499999999999984901e+00
5.373858604123864235e-02
3.999966024834069600e+00
4.499999999999984013e+00
1.936750155705212058e-06
6.527017153859251107e-05
8.999999999999966249e+00
1.754682262067550069e-02
1.000047756875350524e+00
8.999999999999969802e+00
6.903405744721813342e-02
2.000030577010154076e+00
8.999999999999964473e+00
7.783133000959902015e-02
3.000013162757184659e+00
8.999999999999976907e+00
5.373814781329299545e-02
3.999972017596573171e+00
8.999999999999968026e+00
6.159883022144186948e-07
