2.690830130731085867e-05
-8.999999999999992895e+00
1.612430450619221911e-02
2.105486966199306420e-01
-8.999999999999991118e+00
2.242944964600418825e-02
4.210709192271789303e-01
-8.999999999999980460e+00
3.919148324994668059e-02
6.315931830481686937e-01
-8.999999999999976907e+00
5.120714028008715307e-02
8.421153748778485992e-01
-8.999999999999991118e+00
6.102335931994928853e-02
1.052637561442749670e+00
-8.999999999999971578e+00
7.059529178439082064e-02
1.263159835988289403e+00
-8.999999999999980460e+00
7.767107523095630184e-02
1.473681996739403921e+00
-8.999999999999992895e+00
7.843198956973500280e-02
1.684204183176796876e+00
-8.999999999999973355e+00
8.080392681003333022e-02
1.894726369401521726e+00
-8.999999999999982236e+00
7.825311561973094521e-02
2.105248515552564648e+00
-8.999999999999984013e+00
7.614080869510028715e-02
2.315770663703710763e+00
-8.999999999999987566e+00
7.328993749145049086e-02
2.526292813203031784e+00
-8.999999999999984013e+00
6.922412827445997840e-02
2.736814964071802248e+00
-8.999999999999991118e+00
6.328420171194276689e-02
2.947337103027713123e+00
-8.999999999999994671e+00
5.500166738160874175e-02
3.157859224454363734e+00
-8.999999999999994671e+00
4.511485535866031210e-02
3.368381335803282806e+00
-8.999999999999996447e+00
3.439542424790439923e-02
3.578903442350111153e+00
-8.999999999999994671e+00
2.324045047198022851e-02
3.789425546613564677e+00
-8.999999999999994671e+00
1.180341580776298784e-02
3.999947650050855952e+00
-8.999999999999994671e+00
1.591585571555445032e-06
2.892595975521750824e-05
-8.052631578947362812e+00
1.612546286239328538e-02
2.105507402527511673e-01
-8.052631578947361035e+00
2.242965327377965945e-02
4.210729894500637727e-01
-8.052631578947361035e+00
3.919159367966571633e-02
6.315952799138524476e-01
-8.052631578947362812e+00
5.120724578082357092e-02
8.421174983877081077e-01
-8.052631578947364588e+00
6.102345529444022643e-02
1.052639711602375128e+00
-8.052631578947366364e+00
7.059538711613239093e-02
1.263162012764816433e+00
-8.052631578947366364e+00
7.767109456451244676e-02
1.473684200169238290e+00
-8.052631578947366364e+00
7.843201581138138645e-02
1.684206413248978240e+00
-8.052631578947366364e+00
8.080391665624636621e-02
1.894728626121450876e+00
-8.052631578947366364e+00
7.825309408739025696e-02
2.105250798926176170e+00
-8.052631578947364588e+00
7.614078269550028644e-02
2.315772973729524509e+00
-8.052631578947368141e+00
7.328990046143664394e-02
2.526295149880457558e+00
-8.052631578947371693e+00
6.922407431457344718e-02
2.736817327400117073e+00
-8.052631578947368141e+00
6.328412144961165220e-02
2.947339493008779954e+00
-8.052631578947369917e+00
5.500156239516850593e-02
3.157861641091205485e+00
-8.052631578947369917e+00
4.511473601654022308e-02
3.368383779097462227e+00
-8.052631578947369917e+00
3.439529683123473264e-02
3.578905912302287273e+00
-8.052631578947366364e+00
2.324031782262478418e-02
3.789428043224023490e+00
-8.052631578947371693e+00
1.180327855605989469e-02
3.999948911685438535e+00
-8.052631578947373470e+00
1.675547670029096016e-06
3.094361779200270694e-05
-7.105263157894729176e+00
1.612662093826882151e-02
2.105527838855717204e-01
-7.105263157894730952e+00
2.242985690182817612e-02
4.210750596729508355e-01
-7.105263157894733617e+00
3.919170411115488473e-02
6.315973767795360905e-01
-7.105263157894735393e+00
5.120735128131780750e-02
8.421196218975673942e-01
-7.105263157894733617e+00
6.102355126896395754e-02
1.052641861762000364e+00
-7.105263157894733617e+00
7.059548244773698744e-02
1.263164189541340354e+00
-7.105263157894732728e+00
7.767111389624074824e-02
1.473686403599071992e+00
-7.105263157894731840e+00
7.843204205316087196e-02
1.684208643321156496e+00
-7.105263157894733617e+00
8.080390650022210852e-02
1.894730882841380692e+00
-7.105263157894737169e+00
7.825307255510213778e-02
2.105253082299788137e+00
-7.105263157894735393e+00
7.614075669580971928e-02
2.315775283755337810e+00
-7.105263157894736281e+00
7.328986343127837089e-02
2.526297486557881555e+00
-7.105263157894736281e+00
6.922402035446080515e-02
2.736819690728431009e+00
-7.105263157894738058e+00
6.328404118696331904e-02
2.947341882989847228e+00
-7.105263157894734505e+00
5.500145740852546705e-02
3.157864057728045903e+00
-7.105263157894738058e+00
4.511461667431457268e-02
3.368386222391638984e+00
-7.105263157894739834e+00
3.439516941450886794e-02
3.578908382254463394e+00
-7.105263157894740722e+00
2.324018517323273719e-02
3.789430539834483636e+00
-7.105263157894737169e+00
1.180314130431411174e-02
3.999950173320022895e+00
-7.105263157894738946e+00
1.759509563197246141e-06
3.296127541780894603e-05
-6.157894736842100869e+00
1.612777873390352709e-02
2.105548275183929119e-01
-6.157894736842100869e+00
2.243006053014817702e-02
4.210771298958400632e-01
-6.157894736842099981e+00
3.919181454441575396e-02
6.315994736452188452e-01
-6.157894736842104422e+00
5.120745678156977260e-02
8.421217454074266806e-01
-6.157894736842103534e+00
6.102364724351857367e-02
1.052644011921626044e+00
-6.157894736842103534e+00
7.059557777920331956e-02
1.263166366317863165e+00
-6.157894736842104422e+00
7.767113322614106752e-02
1.473688607028907471e+00
-6.157894736842102645e+00
7.843206829507164135e-02
1.684210873393333197e+00
-6.157894736842103534e+00
8.080389634196147308e-02
1.894733139561310953e+00
-6.157894736842105310e+00
7.825305102286665704e-02
2.105255365673399215e+00
-6.157894736842106198e+00
7.614073069602843302e-02
2.315777593781152444e+00
-6.157894736842105310e+00
7.328982640097633783e-02
2.526299823235305109e+00
-6.157894736842105310e+00
6.922396639412295438e-02
2.736822054056746278e+00
-6.157894736842106198e+00
6.328396092399919681e-02
2.947344272970916279e+00
-6.157894736842106198e+00
5.500135242168147087e-02
3.157866474364887655e+00
-6.157894736842107086e+00
4.511449733198416578e-02
3.368388665685817962e+00
-6.157894736842106198e+00
3.439504199772679127e-02
3.578910852206640403e+00
-6.157894736842106198e+00
2.324005252380286629e-02
3.789433036444943781e+00
-6.157894736842106198e+00
1.180300405252372037e-02
3.999951434954605922e+00
-6.157894736842107974e+00
1.843471250689926028e-06
3.497893263282035353e-05
-5.210526315789475227e+00
1.612893624938164031e-02
2.105568711512142699e-01
-5.210526315789473450e+00
2.243026415874053645e-02
4.210792001187317890e-01
-5.210526315789470786e+00
3.919192497944738729e-02
6.316015705109013778e-01
-5.210526315789471674e+00
5.120756228157945233e-02
8.421238689172867442e-01
-5.210526315789472562e+00
6.102374321810590668e-02
1.052646162081251280e+00
-5.210526315789473450e+00
7.059567311053262240e-02
1.263168543094384422e+00
-5.210526315789474339e+00
7.767115255421286335e-02
1.473690810458740952e+00
-5.210526315789475227e+00
7.843209453711559587e-02
1.684213103465507899e+00
-5.210526315789474339e+00
8.080388618146264190e-02
1.894735396281240547e+00
-5.210526315789474339e+00
7.825302949068553560e-02
2.105257649047009849e+00
-5.210526315789473450e+00
7.614070469615781545e-02
2.315779903806967077e+00
-5.210526315789473450e+00
7.328978937052967046e-02
2.526302159912729550e+00
-5.210526315789477003e+00
6.922391243355753565e-02
2.736824417385058439e+00
-5.210526315789477003e+00
6.328388066071623241e-02
2.947346662951982665e+00
-5.210526315789475227e+00
5.500124743463360305e-02
3.157868891001729850e+00
-5.210526315789477891e+00
4.511437798954768402e-02
3.368391108979995163e+00
-5.210526315789477003e+00
3.439491458088906467e-02
3.578913322158817412e+00
-5.210526315789476115e+00
2.323991987433760703e-02
3.789435533055403482e+00
-5.210526315789477891e+00
1.180286680069178064e-02
3.999952696589188506e+00
-5.210526315789478780e+00
1.927432732778558492e-06
3.699658943719087261e-05
-4.263157894736843367e+00
1.613009348478658053e-02
2.105589147840361830e-01
-4.263157894736843367e+00
2.243046778760523011e-02
4.210812703416254021e-01
-4.263157894736843367e+00
3.919203541625025655e-02
6.316036673765843545e-01
-4.263157894736843367e+00
5.120766778134672875e-02
8.421259924271464747e-01
-4.263157894736845144e+00
6.102383919272422186e-02
1.052648312240876294e+00
-4.263157894736844256e+00
7.059576844172413268e-02
1.263170719870904124e+00
-4.263157894736843367e+00
7.767117188045760678e-02
1.473693013888575987e+00
-4.263157894736846032e+00
7.843212077929123671e-02
1.684215333537681936e+00
-4.263157894736844256e+00
8.080387601872815462e-02
1.894737653001170141e+00
-4.263157894736845144e+00
7.825300795855558156e-02
2.105259932420621372e+00
-4.263157894736844256e+00
7.614067869619565998e-02
2.315782213832779934e+00
-4.263157894736845144e+00
7.328975233993924310e-02
2.526304496590155324e+00
-4.263157894736846032e+00
6.922385847276756043e-02
2.736826780713372376e+00
-4.263157894736846032e+00
6.328380039711810345e-02
2.947349052933051716e+00
-4.263157894736846920e+00
5.500114244738467384e-02
3.157871307638569824e+00
-4.263157894736845144e+00
4.511425864700618904e-02
3.368393552274174141e+00
-4.263157894736846920e+00
3.439478716399400893e-02
3.578915792110993976e+00
-4.263157894736845144e+00
2.323978722483358364e-02
3.789438029665864960e+00
-4.263157894736847808e+00
1.180272954881489943e-02
3.999953958223773753e+00
-4.263157894736847808e+00
2.011394009429077349e-06
3.901424583109508015e-05
-3.315789473684211952e+00
1.613125044020303350e-02
2.105609584168583182e-01
-3.315789473684213284e+00
2.243067141674181739e-02
4.210833405645212357e-01
-3.315789473684211952e+00
3.919214585482414664e-02
6.316057642422665541e-01
-3.315789473684211952e+00
5.120777328087156022e-02
8.421281159370058722e-01
-3.315789473684214173e+00
6.102393516737493473e-02
1.052650462400500864e+00
-3.315789473684213284e+00
7.059586377277839164e-02
1.263172896647422050e+00
-3.315789473684213284e+00
7.767119120487397943e-02
1.473695217318410799e+00
-3.315789473684213284e+00
7.843214702159917451e-02
1.684217563609853530e+00
-3.315789473684212840e+00
8.080386585375598507e-02
1.894739909721099735e+00
-3.315789473684214173e+00
7.825298642647955660e-02
2.105262215794232450e+00
-3.315789473684215505e+00
7.614065269614360421e-02
2.315784523858592792e+00
-3.315789473684214173e+00
7.328971530920427857e-02
2.526306833267577989e+00
-3.315789473684215061e+00
6.922380451175066951e-02
2.736829144041687201e+00
-3.315789473684215505e+00
6.328372013320193723e-02
2.947351442914117214e+00
-3.315789473684215505e+00
5.500103745993308729e-02
3.157873724275410687e+00
-3.315789473684215061e+00
4.511413930435966696e-02
3.368395995568351342e+00
-3.315789473684215505e+00
3.439465974704387918e-02
3.578918262063170097e+00
-3.315789473684216837e+00
2.323965457529410597e-02
3.789440526276323773e+00
-3.315789473684215505e+00
1.180259229689553484e-02
3.999955219858355004e+00
-3.315789473684215949e+00
2.095355080592044250e-06
4.103190181473637924e-05
-2.368421052631580537e+00
1.613240711571418268e-02
2.105630020496807031e-01
-2.368421052631581425e+00
2.243087504615060360e-02
4.210854107874191787e-01
-2.368421052631581425e+00
3.919225629516875919e-02
6.316078611079479765e-01
-2.368421052631580093e+00
5.120787878015414796e-02
8.421302394468658248e-01
-2.368421052631583201e+00
6.102403114205689344e-02
1.052652612560124989e+00
-2.368421052631581869e+00
7.059595910369441396e-02
1.263175073423937533e+00
-2.368421052631582313e+00
7.767121052746205068e-02
1.473697420748245834e+00
-2.368421052631582757e+00
7.843217326403956191e-02
1.684219793682023347e+00
-2.368421052631584534e+00
8.080385568654764594e-02
1.894742166441029996e+00
-2.368421052631583645e+00
7.825296489445651704e-02
2.105264499167843528e+00
-2.368421052631584089e+00
7.614062669600105138e-02
2.315786833884406981e+00
-2.368421052631584978e+00
7.328967827832515158e-02
2.526309169945002431e+00
-2.368421052631584978e+00
6.922375055050752901e-02
2.736831507369999361e+00
-2.368421052631583201e+00
6.328363986896880233e-02
2.947353832895185377e+00
-2.368421052631585422e+00
5.500093247227913484e-02
3.157876140912252882e+00
-2.368421052631584534e+00
4.511401996160741001e-02
3.368398438862529876e+00
-2.368421052631584978e+00
3.439453233003729460e-02
3.578920732015346218e+00
-2.368421052631585422e+00
2.323952192571745665e-02
3.789443022886782586e+00
-2.368421052631585866e+00
1.180245504493317339e-02
3.999956481492939364e+00
-2.368421052631585866e+00
2.179315946249252647e-06
4.304955738824764564e-05
-1.421052631578951786e+00
1.613356351140369030e-02
2.105650456825037264e-01
-1.421052631578952452e+00
2.243107867583193221e-02
4.210874810103196197e-01
-1.421052631578952008e+00
3.919236673728412890e-02
6.316099579736297320e-01
-1.421052631578953340e+00
5.120798427919436013e-02
8.421323629567254443e-01
-1.421052631578952008e+00
6.102412711677146495e-02
1.052654762719749781e+00
-1.421052631578953118e+00
7.059605443447405926e-02
1.263177250200451907e+00
-1.421052631578953118e+00
7.767122984822272258e-02
1.473699624178080647e+00
-1.421052631578953118e+00
7.843219950661213524e-02
1.684222023754191611e+00
-1.421052631578953562e+00
8.080384551710270702e-02
1.894744423160959146e+00
-1.421052631578953784e+00
7.825294336248565796e-02
2.105266782541453274e+00
-1.421052631578954673e+00
7.614060069576794598e-02
2.315789143910221615e+00
-1.421052631578954673e+00
7.328964124730202867e-02
2.526311506622425540e+00
-1.421052631578954450e+00
6.922369658903895773e-02
2.736833870698315074e+00
-1.421052631578956005e+00
6.328355960441926775e-02
2.947356222876252207e+00
-1.421052631578955117e+00
5.500082748442345487e-02
3.157878557549095078e+00
-1.421052631578955783e+00
4.511390061875009128e-02
3.368400882156708853e+00
-1.421052631578956005e+00
3.439440491297444946e-02
3.578923201967523671e+00
-1.421052631578956005e+00
2.323938927610381608e-02
3.789445519497244508e+00
-1.421052631578956005e+00
1.180231779292677773e-02
3.999957743127523724e+00
-1.421052631578956449e+00
2.263276606321183086e-06
4.506721255182150141e-05
-4.736842105263221470e-01
1.613471962735513535e-02
2.105670893153269163e-01
-4.736842105263228686e-01
2.243128230578517179e-02
4.210895512332220036e-01
-4.736842105263243119e-01
3.919247718117056106e-02
6.316120548393107104e-01
-4.736842105263235347e-01
5.120808977799237716e-02
8.421344864665853969e-01
-4.736842105263229796e-01
6.102422309151728230e-02
1.052656912879374795e+00
-4.736842105263232017e-01
7.059614976511513484e-02
1.263179426976965170e+00
-4.736842105263246450e-01
7.767124916715510696e-02
1.473701827607915682e+00
-4.736842105263243674e-01
7.843222574931700553e-02
1.684224253826357653e+00
-4.736842105263236458e-01
8.080383534542077972e-02
1.894746679880890294e+00
-4.736842105263246450e-01
7.825292183056896389e-02
2.105269065915065241e+00
-4.736842105263248670e-01
7.614057469544489865e-02
2.315791453936034916e+00
-4.736842105263248670e-01
7.328960421613447962e-02
2.526313843299850870e+00
-4.736842105263249780e-01
6.922364262734358176e-02
2.736836234026627679e+00
-4.736842105263256997e-01
6.328347933955214000e-02
2.947358612857320370e+00
-4.736842105263250891e-01
5.500072249636503430e-02
3.157880974185937273e+00
-4.736842105263252556e-01
4.511378127578750258e-02
3.368403325450887831e+00
-4.736842105263258662e-01
3.439427749585579480e-02
3.578925671919699347e+00
-4.736842105263254776e-01
2.323925662645365958e-02
3.789448016107704209e+00
-4.736842105263270319e-01
1.180218054087781542e-02
3.999959004762105419e+00
-4.736842105263265879e-01
2.347237060854581621e-06
3.794970140561698506e-03
4.736842105263076030e-01
1.657959023408980478e-02
2.105691366642717943e-01
4.736842105263073810e-01
2.305829727456502540e-02
4.210916348778953600e-01
4.736842105263081582e-01
3.909836331430552314e-02
6.316141436212487914e-01
4.736842105263078251e-01
5.184816921048137489e-02
8.421366124560721866e-01
4.736842105263070479e-01
6.301559333436682064e-02
1.052659081514653039e+00
4.736842105263064928e-01
7.066521669425129826e-02
1.263181566981187665e+00
4.736842105263061042e-01
7.628057571274822479e-02
1.473704045865546819e+00
4.736842105263071590e-01
7.940171644287499775e-02
1.684226461387682505e+00
4.736842105263066038e-01
7.986082542022754360e-02
1.894748940672320359e+00
4.736842105263062153e-01
7.910942291000264137e-02
2.105271352933965723e+00
4.736842105263062708e-01
7.641286722281771804e-02
2.315793768576528411e+00
4.736842105263060487e-01
7.288285324790248765e-02
2.526316182349213513e+00
4.736842105263059932e-01
6.828622271682505129e-02
2.736838591818894439e+00
4.736842105263060487e-01
6.263483560717011955e-02
2.947360993900419945e+00
4.736842105263051050e-01
5.571550850788203890e-02
3.157883385904916906e+00
4.736842105263056046e-01
4.724630166332961095e-02
3.368405769465470545e+00
4.736842105263041613e-01
3.742651560663602661e-02
3.578928146980654645e+00
4.736842105263034952e-01
2.640597257302020051e-02
3.789450519009828877e+00
4.736842105263046054e-01
1.414119740589320391e-02
3.999960662888671248e+00
4.736842105263034952e-01
3.118466644026341031e-06
3.795980976809924193e-03
1.421052631578940684e+00
1.658299070275914833e-02
2.105711802555572387e-01
1.421052631578940018e+00
2.305844034099435724e-02
4.210937051140727916e-01
1.421052631578941128e+00
3.909849522471698507e-02
6.316162404979200895e-01
1.421052631578938685e+00
5.184829315948399908e-02
8.421387359656462568e-01
1.421052631578939129e+00
6.301568831692401507e-02
1.052661231658189811e+00
1.421052631578940240e+00
7.066528032659065428e-02
1.263183743775349699e+00
1.421052631578938241e+00
7.628063563277480419e-02
1.473706249287431103e+00
1.421052631578939351e+00
7.940172398480667415e-02
1.684228691464008776e+00
1.421052631578937575e+00
7.986083092417889384e-02
1.894751197391091102e+00
1.421052631578938019e+00
7.910939778257414234e-02
2.105273636305466933e+00
1.421052631578937575e+00
7.641283433708721817e-02
2.315796078600317554e+00
1.421052631578937575e+00
7.288280874155834976e-02
2.526318519025886111e+00
1.421052631578936909e+00
6.828616577732091186e-02
2.736840955149201893e+00
1.421052631578936909e+00
6.263476589683622531e-02
2.947363383884373800e+00
1.421052631578936909e+00
5.571542105284322394e-02
3.157885802543619835e+00
1.421052631578937353e+00
4.724619625915502802e-02
3.368408212760318765e+00
1.421052631578936687e+00
3.742639453879705036e-02
3.578930616932640252e+00
1.421052631578935355e+00
2.640583632373981124e-02
3.789453015619753895e+00
1.421052631578935799e+00
1.414104338499072751e-02
3.999961924522882573e+00
1.421052631578936021e+00
2.840417217996138310e-06
3.796991805867647347e-03
2.368421052631569879e+00
1.658638598945506512e-02
2.105732238468429884e-01
2.368421052631568102e+00
2.305858340739695700e-02
4.210957753502487244e-01
2.368421052631568990e+00
3.909862713395759193e-02
6.316183373745909435e-01
2.368421052631568990e+00
5.184841710832368417e-02
8.421408594752193277e-01
2.368421052631568102e+00
6.301578329903620435e-02
1.052663381801726583e+00
2.368421052631569879e+00
7.066534395869739082e-02
1.263185920569511511e+00
2.368421052631568990e+00
7.628069555297356530e-02
1.473708452709314054e+00
2.368421052631566770e+00
7.940173152672330703e-02
1.684230921540335935e+00
2.368421052631568990e+00
7.986083642866903531e-02
1.894753454109861845e+00
2.368421052631567658e+00
7.910937265499395910e-02
2.105275919676968144e+00
2.368421052631565882e+00
7.641280145125067813e-02
2.315798388624105808e+00
2.368421052631566326e+00
7.288276423508371904e-02
2.526320855702559598e+00
2.368421052631565882e+00
6.828610883768845841e-02
2.736843318479512011e+00
2.368421052631565438e+00
6.263469618634504021e-02
2.947365773868327210e+00
2.368421052631564550e+00
5.571533359759306414e-02
3.157888219182324985e+00
2.368421052631564994e+00
4.724609085480562659e-02
3.368410656055168761e+00
2.368421052631566770e+00
3.742627347079886119e-02
3.578933086884626302e+00
2.368421052631566326e+00
2.640570007429230218e-02
3.789455512229682022e+00
2.368421052631564994e+00
1.414088936385359159e-02
3.999963186157095674e+00
2.368421052631564550e+00
2.562366861251155628e-06
3.798002627784552616e-03
3.315789473684197741e+00
1.658977611674920805e-02
2.105752674381285161e-01
3.315789473684197741e+00
2.305872647377176995e-02
4.210978455864227699e-01
3.315789473684196409e+00
3.909875904202812086e-02
6.316204342512612424e-01
3.315789473684195521e+00
5.184854105699984034e-02
8.421429829847925097e-01
3.315789473684196409e+00
6.301587828070245867e-02
1.052665531945262689e+00
3.315789473684195521e+00
7.066540759057135523e-02
1.263188097363674212e+00
3.315789473684197741e+00
7.628075547334510487e-02
1.473710656131198338e+00
3.315789473684196409e+00
7.940173906862577069e-02
1.684233151616662649e+00
3.315789473684196409e+00
7.986084193369663575e-02
1.894755710828634809e+00
3.315789473684194189e+00
7.910934752726336838e-02
2.105278203048467578e+00
3.315789473684196409e+00
7.641276856530980488e-02
2.315800698647893618e+00
3.315789473684194633e+00
7.288271972847938651e-02
2.526323192379233529e+00
3.315789473684196409e+00
6.828605189792727459e-02
2.736845681809819020e+00
3.315789473684195521e+00
6.263462647569488506e-02
2.947368163852281064e+00
3.315789473684195521e+00
5.571524614212802762e-02
3.157890635821027026e+00
3.315789473684195077e+00
4.724598545027814539e-02
3.368413099350013873e+00
3.315789473684193744e+00
3.742615240263996029e-02
3.578935556836612797e+00
3.315789473684193300e+00
2.640556382467804802e-02
3.789458008839607928e+00
3.315789473684195077e+00
1.414073534248392119e-02
3.999964447791304778e+00
3.315789473684193744e+00
2.284315573739231850e-06
3.799013442605249282e-03
4.263157894736830045e+00
1.659316110703762046e-02
2.105773110294139328e-01
4.263157894736830933e+00
2.305886954011976062e-02
4.210999158225952610e-01
4.263157894736828268e+00
3.909889094892808614e-02
6.316225311279319854e-01
4.263157894736830933e+00
5.184866500551298107e-02
8.421451064943649145e-01
4.263157894736825604e+00
6.301597326192372173e-02
1.052667682088798573e+00
4.263157894736829157e+00
7.066547122221304711e-02
1.263190274157836468e+00
4.263157894736828268e+00
7.628081539388915921e-02
1.473712859553082177e+00
4.263157894736827380e+00
7.940174661051267735e-02
1.684235381692990030e+00
4.263157894736828268e+00
7.986084743926333274e-02
1.894757967547405331e+00
4.263157894736827380e+00
7.910932239938152366e-02
2.105280486419968788e+00
4.263157894736827380e+00
7.641273567926298860e-02
2.315803008671683205e+00
4.263157894736826492e+00
7.288267522174450563e-02
2.526325529055905239e+00
4.263157894736826492e+00
6.828599495803792940e-02
2.736848045140127805e+00
4.263157894736826492e+00
6.263455676488764723e-02
2.947370553836234919e+00
4.263157894736827380e+00
5.571515868645136177e-02
3.157893052459730399e+00
4.263157894736825604e+00
4.724588004557575549e-02
3.368415542644862537e+00
4.263157894736827380e+00
3.742603133432222118e-02
3.578938026788599736e+00
4.263157894736829157e+00
2.640542757489704878e-02
3.789460505449533834e+00
4.263157894736824716e+00
1.414058132088035109e-02
3.999965709425516547e+00
4.263157894736825604e+00
2.006263355566309619e-06
3.800024250374950310e-03
5.210526315789461016e+00
1.659654098255736177e-02
2.105793546206994604e-01
5.210526315789460128e+00
2.305901260644046755e-02
4.211019860587663088e-01
5.210526315789456575e+00
3.909902285465768901e-02
6.316246280046022843e-01
5.210526315789457463e+00
5.184878895386253739e-02
8.421472300039365422e-01
5.210526315789460128e+00
6.301606824269939677e-02
1.052669832232335345e+00
5.210526315789457463e+00
7.066553485362199460e-02
1.263192450951999168e+00
5.210526315789458351e+00
7.628087531460574222e-02
1.473715062974965795e+00
5.210526315789458351e+00
7.940175415238499845e-02
1.684237611769318299e+00
5.210526315789459240e+00
7.986085294536857115e-02
1.894760224266176296e+00
5.210526315789461016e+00
7.910929727134823064e-02
2.105282769791468667e+00
5.210526315789458351e+00
7.641270279311078439e-02
2.315805318695472348e+00
5.210526315789459240e+00
7.288263071487914579e-02
2.526327865732578726e+00
5.210526315789457463e+00
6.828593801801967345e-02
2.736850408470437479e+00
5.210526315789456575e+00
6.263448705392198057e-02
2.947372943820188329e+00
5.210526315789456575e+00
5.571507123056135963e-02
3.157895469098434660e+00
5.210526315789458351e+00
4.724577464069646543e-02
3.368417985939711201e+00
5.210526315789456575e+00
3.742591026584383973e-02
3.578940496740585786e+00
5.210526315789457463e+00
2.640529132494850301e-02
3.789463002059462848e+00
5.210526315789458351e+00
1.414042729904214923e-02
3.999966971059726539e+00
5.210526315789458351e+00
1.728210206759714009e-06
3.801035051138748101e-03
6.157894736842088435e+00
1.659991576538668440e-02
2.105813982119847383e-01
6.157894736842088435e+00
2.305915567273375891e-02
4.211040562949350252e-01
6.157894736842089323e+00
3.909915475921763722e-02
6.316267248812722501e-01
6.157894736842087546e+00
5.184891290204932113e-02
8.421493535135079478e-01
6.157894736842090211e+00
6.301616322302966422e-02
1.052671982375870563e+00
6.157894736842086658e+00
7.066559848479825323e-02
1.263194627746162313e+00
6.157894736842086658e+00
7.628093523549488164e-02
1.473717266396848968e+00
6.157894736842087546e+00
7.940176169424267849e-02
1.684239841845646568e+00
6.157894736842087546e+00
7.986085845201129629e-02
1.894762480984947706e+00
6.157894736842088435e+00
7.910927214316428036e-02
2.105285053162968989e+00
6.157894736842086658e+00
7.641266990685355309e-02
2.315807628719260602e+00
6.157894736842086658e+00
7.288258620788393150e-02
2.526330202409250880e+00
6.157894736842089323e+00
6.828588107787324224e-02
2.736852771800746265e+00
6.157894736842086658e+00
6.263441734279845408e-02
2.947375333804143516e+00
6.157894736842088435e+00
5.571498377445836814e-02
3.157897885737137145e+00
6.157894736842087546e+00
4.724566923564107318e-02
3.368420429234559421e+00
6.157894736842086658e+00
3.742578919720637026e-02
3.578942966692573169e+00
6.157894736842089323e+00
2.640515507483402746e-02
3.789465498669389198e+00
6.157894736842085770e+00
1.414027327697158290e-02
3.999968232693940529e+00
6.157894736842084882e+00
1.450156126832710030e-06
3.802045844947129615e-03
7.105263157894719406e+00
1.660328547746627373e-02
2.105834418032701549e-01
7.105263157894721182e+00
2.305929873900018981e-02
4.211061265311025203e-01
7.105263157894718518e+00
3.909928666260702179e-02
6.316288217579426600e-01
7.105263157894717629e+00
5.184903685007242330e-02
8.421514770230790203e-01
7.105263157894715853e+00
6.301625820291444080e-02
1.052674132519405559e+00
7.105263157894719406e+00
7.066566211574215606e-02
1.263196804540325902e+00
7.105263157894714077e+00
7.628099515655663299e-02
1.473719469818732808e+00
7.105263157894714965e+00
7.940176923608507908e-02
1.684242071921976169e+00
7.105263157894717629e+00
7.986086395919329839e-02
1.894764737703718671e+00
7.105263157894715853e+00
7.910924701482889565e-02
2.105287336534470199e+00
7.105263157894714965e+00
7.641263702049058693e-02
2.315809938743050633e+00
7.105263157894716741e+00
7.288254170075798843e-02
2.526332539085925255e+00
7.105263157894717629e+00
6.828582413759815006e-02
2.736855135131054606e+00
7.105263157894715853e+00
6.263434763151713713e-02
2.947377723788095150e+00
7.105263157894718518e+00
5.571489631814300486e-02
3.157900302375840518e+00
7.105263157894714077e+00
4.724556383040965507e-02
3.368422872529407197e+00
7.105263157894717629e+00
3.742566812840874418e-02
3.578945436644558775e+00
7.105263157894715853e+00
2.640501882455172089e-02
3.789467995279316437e+00
7.105263157894714965e+00
1.414011925466625817e-02
3.999969494328151409e+00
7.105263157894715853e+00
1.172101115898624124e-06
3.803056631826273997e-03
8.052631578947352153e+00
1.660665014049838781e-02
2.105854853945554050e-01
8.052631578947346824e+00
2.305944180523934392e-02
4.211081967672683501e-01
8.052631578947346824e+00
3.909941856482684192e-02
6.316309186346122928e-01
8.052631578947346824e+00
5.184916079793226718e-02
8.421536005326492047e-01
8.052631578947350377e+00
6.301635318235358774e-02
1.052676282662941443e+00
8.052631578947350377e+00
7.066572574645348104e-02
1.263198981334488602e+00
8.052631578947343272e+00
7.628105507779109340e-02
1.473721673240616648e+00
8.052631578947346824e+00
7.940177677791260269e-02
1.684244301998305104e+00
8.052631578947346824e+00
7.986086946691364763e-02
1.894766994422488526e+00
8.052631578947348601e+00
7.910922188634207652e-02
2.105289619905969634e+00
8.052631578947345048e+00
7.641260413402209406e-02
2.315812248766838444e+00
8.052631578947348601e+00
7.288249719350216316e-02
2.526334875762597409e+00
8.052631578947345048e+00
6.828576719719500754e-02
2.736857498461363392e+00
8.052631578947343272e+00
6.263427792007816852e-02
2.947380113772049892e+00
8.052631578947346824e+00
5.571480886161431223e-02
3.157902719014545223e+00
8.052631578947348601e+00
4.724545842500170456e-02
3.368425315824254529e+00
8.052631578947350377e+00
3.742554705945076721e-02
3.578947906596543049e+00
8.052631578947346824e+00
2.640488257410196840e-02
3.789470491889241011e+00
8.052631578947345048e+00
1.413996523212664343e-02
3.999970755962361402e+00
8.052631578947346824e+00
8.940451744917940050e-07
6.527017153859251107e-05
8.999999999999966249e+00
1.754682262067550069e-02
2.105875289858406829e-01
8.999999999999978684e+00
2.305958487145114491e-02
4.211102670034325701e-01
8.999999999999950262e+00
3.909955046587693106e-02
6.316330155112817035e-01
8.999999999999966249e+00
5.184928474562903317e-02
8.421557240422192780e-01
8.999999999999978684e+00
6.301644816134742422e-02
1.052678432806475994e+00
8.999999999999959144e+00
7.066578937693224205e-02
1.263201158128652413e+00
8.999999999999955591e+00
7.628111499919801308e-02
1.473723876662500043e+00
8.999999999999978684e+00
7.940178431972536033e-02
1.684246532074635150e+00
8.999999999999959144e+00
7.986087497517216360e-02
1.894769251141259270e+00
8.999999999999964473e+00
7.910919675770435033e-02
2.105291903277469512e+00
8.999999999999962697e+00
7.641257124744825491e-02
2.315814558790626254e+00
8.999999999999969802e+00
7.288245268611576178e-02
2.526337212439269564e+00
8.999999999999969802e+00
6.828571025666280159e-02
2.736859861791671289e+00
8.999999999999971578e+00
6.263420820848089599e-02
2.947382503756002858e+00
8.999999999999976907e+00
5.571472140487298413e-02
3.157905135653247264e+00
8.999999999999980460e+00
4.724535301941770737e-02
3.368427759119101861e+00
8.999999999999975131e+00
3.742542599033371609e-02
3.578950376548530432e+00
8.999999999999975131e+00
2.640474632348612308e-02
3.789472988499168693e+00
8.999999999999971578e+00
1.413981120935399807e-02
3.999972017596573171e+00
8.999999999999968026e+00
6.159883022144186948e-07
