2.690830130731085867e-05
-8.999999999999992895e+00
1.612430450619221911e-02
2.903805187917049704e-05
-7.999999999999994671e+00
1.612552720729536204e-02
3.116780199293229148e-05
-6.999999999999994671e+00
1.612674959606577932e-02
3.329755164882484264e-05
-5.999999999999996447e+00
1.612797167260288100e-02
3.542730084702975439e-05
-4.999999999999999112e+00
1.612919343700579961e-02
3.755704958778147189e-05
-4.000000000000000000e+00
1.613041488937289047e-02
3.968679787123088220e-05
-3.000000000000001776e+00
1.613163602980322367e-02
4.181654569760311313e-05
-2.000000000000004441e+00
1.613285685839474862e-02
4.394629306710022608e-05
-1.000000000000004663e+00
1.613407737524623700e-02
4.604386089988202164e-05
-3.080186935842700488e-15
1.750202352039089901e-02
3.795531717145516140e-03
9.999999999999930056e-01
1.658148002444769994e-02
3.796598706531054569e-03
1.999999999999990230e+00
1.658506621450360485e-02
3.797665687936171552e-03
2.999999999999990230e+00
1.658864664619902340e-02
3.798732661422955011e-03
3.999999999999987121e+00
1.659222134597026707e-02
3.799799627033103797e-03
4.999999999999984013e+00
1.659579033999241879e-02
3.800866584834193627e-03
5.999999999999984013e+00
1.659935365432454318e-02
3.801933534860938921e-03
6.999999999999983125e+00
1.660291131472524731e-02
3.803000477180035459e-03
7.999999999999984013e+00
1.660646334686351200e-02
6.527017153859251107e-05
8.999999999999966249e+00
1.754682262067550069e-02
1.999987442136706317e+00
-8.999999999999982236e+00
7.725279200303583615e-02
1.999989838297642208e+00
-7.999999999999998224e+00
7.725276843624290235e-02
1.999992234458578766e+00
-6.999999999999997335e+00
7.725274486938332741e-02
1.999994630619514435e+00
-6.000000000000001776e+00
7.725272130245597335e-02
1.999997026780450549e+00
-5.000000000000000888e+00
7.725269773546349084e-02
1.999999422941385330e+00
-4.000000000000002665e+00
7.725267416840343737e-02
2.000001819102322109e+00
-3.000000000000004441e+00
7.725265060127617378e-02
2.000004215263257112e+00
-2.000000000000006661e+00
7.725262703408308784e-02
2.000006611424192560e+00
-1.000000000000007327e+00
7.725260346682322199e-02
2.000009006021612024e+00
-4.316280942024429116e-15
7.743365603940678688e-02
2.000011407741312475e+00
9.999999999999913403e-01
7.783157439727142468e-02
2.000013803899916898e+00
1.999999999999988676e+00
7.783154384898309519e-02
2.000016200058521765e+00
2.999999999999986677e+00
7.783151330064611018e-02
2.000018596217128408e+00
3.999999999999986677e+00
7.783148275225901247e-02
2.000020992375732831e+00
4.999999999999983125e+00
7.783145220382474416e-02
2.000023388534339031e+00
5.999999999999981348e+00
7.783142165534137624e-02
2.000025784692943454e+00
6.999999999999979572e+00
7.783139110680932504e-02
2.000028180851548765e+00
7.999999999999981348e+00
7.783136055822847954e-02
2.000030577010154076e+00
8.999999999999964473e+00
7.783133000959902015e-02
3.999947650050855952e+00
-8.999999999999994671e+00
1.591585571555445032e-06
3.999948981776248580e+00
-7.999999999999999112e+00
1.680212225067510438e-06
3.999950313501641652e+00
-7.000000000000000888e+00
1.768838649681575885e-06
3.999951645227037389e+00
-6.000000000000003553e+00
1.857464845382348618e-06
3.999952976952429129e+00
-5.000000000000003553e+00
1.946090811991766005e-06
3.999954308677821313e+00
-4.000000000000006217e+00
2.034716549852792321e-06
3.999955640403216606e+00
-3.000000000000007105e+00
2.123342058627686097e-06
3.999956972128610566e+00
-2.000000000000008438e+00
2.211967338415469719e-06
3.999958303854003638e+00
-1.000000000000009326e+00
2.300592389433151334e-06
3.999971621113352249e+00
-7.542308893011160453e-15
3.808023387612839805e-06
3.999961363796568747e+00
9.999999999999880096e-01
2.963994855153492948e-06
3.999962695521567024e+00
1.999999999999986899e+00
2.670497666236269141e-06
3.999964027246568854e+00
2.999999999999985345e+00
2.376999439673285783e-06
3.999965358971569795e+00
3.999999999999984013e+00
2.083500176116944166e-06
3.999966690696569405e+00
4.999999999999981348e+00
1.789999875689858663e-06
3.999968022421571234e+00
5.999999999999981348e+00
1.496498538271163599e-06
3.999969354146570844e+00
6.999999999999982236e+00
1.202996163054654712e-06
3.999970685871571341e+00
7.999999999999980460e+00
9.094927512750094693e-07
3.999972017596573171e+00
8.999999999999968026e+00
6.159883022144186948e-07
