2.690830130730025721e-05 -8.999999999999991118e+00 1.612430450618970723e-02
1.999987442136706761e+00 -8.999999999999984013e+00 7.725279200302169469e-02
3.999947650050854620e+00 -8.999999999999994671e+00 1.591585571557010561e-06
2.892595975518782482e-05 -8.052631578947361035e+00 1.612546286239427418e-02
1.999989712183909418e+00 -8.052631578947364588e+00 7.725276967659647220e-02
3.999948911685437647e+00 -8.052631578947368141e+00 1.675547670036661502e-06
3.094361779197383328e-05 -7.105263157894728288e+00 1.612662093826942519e-02
1.999991982231111409e+00 -7.105263157894737169e+00 7.725274735011340710e-02
3.999950173320021563e+00 -7.105263157894738058e+00 1.759509570698797350e-06
3.296127541780487349e-05 -6.157894736842101757e+00 1.612777873390337444e-02
1.999994252278313400e+00 -6.157894736842104422e+00 7.725272502355473581e-02
3.999951434954605034e+00 -6.157894736842107086e+00 1.843471472677143836e-06
3.497893263279655530e-05 -5.210526315789472562e+00 1.612893624937856638e-02
1.999996522325515613e+00 -5.210526315789474339e+00 7.725270269700451609e-02
3.999952696589186285e+00 -5.210526315789477003e+00 1.927433090170439474e-06
3.699658943715149575e-05 -4.263157894736843367e+00 1.613009348478482152e-02
1.999998792372717826e+00 -4.263157894736841591e+00 7.725268037033437840e-02
3.999953958223772865e+00 -4.263157894736847808e+00 2.011393877553534385e-06
3.901424583105421928e-05 -3.315789473684211064e+00 1.613125044019169535e-02
2.000001062419920927e+00 -3.315789473684210620e+00 7.725265804357908661e-02
3.999955219858355004e+00 -3.315789473684216837e+00 2.095355233692657390e-06
4.103190181473290301e-05 -2.368421052631580981e+00 1.613240711570797237e-02
2.000003332467123585e+00 -2.368421052631587198e+00 7.725263571670638874e-02
3.999956481492938920e+00 -2.368421052631587642e+00 2.179316141982578587e-06
4.304955738825222639e-05 -1.421052631578951786e+00 1.613356351140479358e-02
2.000005602514326242e+00 -1.421052631578956893e+00 7.725261338983914483e-02
3.999957743127525056e+00 -1.421052631578968439e+00 2.263276272480501360e-06
4.506721255182558750e-05 -4.736842105263220359e-01 1.613471962735395226e-02
2.000007872561527567e+00 -4.736842105263278091e-01 7.725259106292885203e-02
3.999959004762106751e+00 -4.736842105263286418e-01 2.347237189671461507e-06
3.794970140561688098e-03 4.736842105263077141e-01 1.657959023409147706e-02
2.000010146605204042e+00 4.736842105263083247e-01 7.783159047532368924e-02
3.999960662888671692e+00 4.736842105263063263e-01 3.118466792055689142e-06
3.795980976809896872e-03 1.421052631578940462e+00 1.658299070276314166e-02
2.000012416650198688e+00 1.421052631578934466e+00 7.783156153479847683e-02
3.999961924522882128e+00 1.421052631578939129e+00 2.840417343901312794e-06
3.796991805867626964e-03 2.368421052631568546e+00 1.658638598944654416e-02
2.000014686695193777e+00 2.368421052631563217e+00 7.783153259428804427e-02
3.999963186157096562e+00 2.368421052631563217e+00 2.562366874546586262e-06
3.798002627784527897e-03 3.315789473684197297e+00 1.658977611674861477e-02
2.000016956740187091e+00 3.315789473684194633e+00 7.783150365378325997e-02
3.999964447791305222e+00 3.315789473684190636e+00 2.284315509185824759e-06
3.799013442605258389e-03 4.263157894736830045e+00 1.659316110704070826e-02
2.000019226785181292e+00 4.263157894736827380e+00 7.783147471321358313e-02
3.999965709425516103e+00 4.263157894736827380e+00 2.006263134575758000e-06
3.800024250374942070e-03 5.210526315789460128e+00 1.659654098255434682e-02
2.000021496830175494e+00 5.210526315789459240e+00 7.783144577258052643e-02
3.999966971059726983e+00 5.210526315789458351e+00 1.728210039479715757e-06
3.801035051138742897e-03 6.157894736842089323e+00 1.659991576538697236e-02
2.000023766875170583e+00 6.157894736842090211e+00 7.783141683194086391e-02
3.999968232693939196e+00 6.157894736842085770e+00 1.450156108377912352e-06
3.802045844947089283e-03 7.105263157894721182e+00 1.660328547746803968e-02
2.000026036920165229e+00 7.105263157894715853e+00 7.783138789122574785e-02
3.999969494328151409e+00 7.105263157894717629e+00 1.172101181567956677e-06
3.803056631826220221e-03 8.052631578947352153e+00 1.660665014050616631e-02
2.000028306965159874e+00 8.052631578947346824e+00 7.783135895050213859e-02
3.999970755962362734e+00 8.052631578947348601e+00 8.940449701919071792e-07
6.527017153855601411e-05 8.999999999999964473e+00 1.754682262067636805e-02
2.000030577010154076e+00 8.999999999999966249e+00 7.783133000959900627e-02
3.999972017596572726e+00 8.999999999999968026e+00 6.159882998539963217e-07
